729.661
264.984
1663.14
2444.97
570.581
63.4816
171.739
759.372
994.217
451.689
231.724
148.249
157.924
183.495
126.001
3.64348
1439.6
76.7435
672.452
313.357
1017.51
642.984
45.1522
328.772
285.9
182.434
87.7877
1204.67
0.803943
194.307
1202.77
249.145
120.229
37.6849
258.617
751.491
62.2052
139.569
818.276
117.229
60.5736
158.788
210.259
1013.37
889.764
43.4505
82.3309
1163.08
32.2641
14.8434
283.075
663.247
48.122
2.95057
311.398
455.718
380.803
55.8523
758.473
186.179
339.811
565.56
792.11
344.003
113.441
548.095
13.9582
837.283
350.122
515.284
145.081
585.21
460.439
100.127
131.552
159.481
307.501
1356.06
108.847
648.316
99.7657
29.7792
236.773
295.296
117.935
1525.12
821.878
2005.27
2039.63
300.057
1223.86
7.55228
219.648
27.9671
2314
1906.14
1001.35
143.328
573.804
128.37
3.06951
204.776
78.7603
113.527
112.958
1458.53
215.74
32.4428
1784.47
562.103
1489.56
540.081
638.045
379.594
222.176
207.472
104.675
316.17
1475.78
597.14
46.0293
272.316
390.503
89.6102
582.299
25.7254
485.047
233.744
168.464
1603.64
368.699
40.1428
743.91
541.412
443.861
801.501
664.135
348.732
65.598
1191.84
146.898
235.569
913.795
449.259
810.678
196.872
244.302
1330.07
7.84666
482.891
182.792
19.3183
4.91472
402.572
506.421
831.024
307.102
67.323
2470.71
129.379
5.05307
1158.04
24.0527
1184.27
405.25
41.5287
79.1505
43.6938
180.02
73.6457
48.1291
222.521
1363.6
120.445
544.507
1560.52
11.2695
549.505
170.709
87.3807
1368.84
770.361
665.754
42.828
695.218
160.999
225.017
559.961
254.858
79.5823
110.202
731.728
538.44
616.664
512.887
237.919
72.8341
562.973
206.941
630.936
343.641
1439.08
671.862
226.358
972.983
144.042
701.655
175.844
509.85
101.293
92.4003
2315.74
415.318
578.885
416.618
1501.38
443.352
724.443
128.688
49.5516
43.9761
2568.82
279.445
419.937
573.041
201.011
2045.04
194.571
178.698
2245.91
548.201
704.21
1113.35
382.639
79.0496
34.551
129.082
816.246
692.752
1259.8
67.0732
371.939
151.593
595.788
574.364
567.611
94.0031
106.672
1141.87
48.056
1616.19
709.615
448.398
829.495
1117.49
229.278
412.96
177.455
518.572
1096.84
34.6601
1049.96
221.982
2928.67
568.755
176.958
268.458
470.552
273.842
46.9058
549.06
196.254
1353.89
484.904
12.5971
553.035
11.1483
106.968
38.8467
416.273
744.931
15.3458
115.058
1047.09
1389.52
209.719
260.747
814.436
564.945
157.979
685.378
271.003
239.196
575.113
28.8085
1435.71
2160.63
593.523
38.4667
1486.42
4.43303
37.5467
105.832
224.919
132.367
1589.12
47.3594
852.382
44.1947
148.008
289.247
189.008
90.922
1243.94
706.808
3161.11
4.49887
73.5837
762.825
211.385
519.408
102.764
1094.57
527.838
257.423
723.271
267.39
295.043
365.585
1236.67
24.7795
836.111
86.71
777.292
768.586
37.8209
356.386
137.728
741.489
586.153
62.5961
224.136
88.8862
91.3408
72.6579
372.997
201.399
44.4352
151.138
619.804
232.925
149.277
598.92
484.144
204.54
404.338
160.65
1450.09
758.285
89.1443
149.497
123.523
1173.61
379.032
368.229
347.367
717.27
535.435
133.103
172.168
451.503
125.229
107.822
647.596
1788.44
59.0572
1347.83
69.4597
36.7191
331.282
2208.25
1707.74
239.673
583.381
19.3794
155.743
274.576
629.658
10.227
710.285
1185.79
339.821
379.942
4024.3
325.692
47.655
230.527
659.932
219.644
113.615
915.375
292.075
997.298
742.646
327.198
225.551
23.2561
40.9192
52.8426
755.064
121.945
70.2624
377.131
283.079
18.5666
685.258
786.795
344.343
254.156
45.0301
1399.37
89.6717
991.377
936.363
312.231
689.16
286.198
281.581
58.5954
800.641
86.012
1010.23
928.226
228.79
508.519
2.72544
328.49
525.432
779.929
1459.35
289.624
468.708
146.374
260.633
414.082
1054.23
291.957
567.222
163.061
451.198
4.00406
427.802
2025.68
278.568
1044.66
142.709
727.122
92.8466
12.2113
72.6999
116.083
985.985
109.545
470.267
124.377
324.213
590.014
443.908
74.7205
1618.36
51.4251
25.8657
91.1295
272.157
450.624
579.847
367.146
214.647
490.323
117.752
218.131
776.693
65.0142
438.687
180.072
293.121
468.478
943.582
5.44524
284.3
109.292
18.9234
511.873
139.952
2043.36
123.215
289.917
1069.11
412.214
1131.47
