500
243.132
226.136
673.052
88.1851
18.1533
160.465
169.551
69.6604
563.34
1118.15
433.467
1172.34
611.556
204.303
1067.08
182.998
546.562
336.364
1039.14
1145.88
606.912
913.444
185.934
120.979
1781.63
11.6163
2846.46
256.732
214.468
720.751
24.8849
195.182
777.068
822.972
1082.91
259.227
34.45
306.171
382.923
2630.34
432.53
18.3557
778.332
627.799
517.776
1855.94
295.577
496.146
246.242
1400.5
153.547
508.015
102.384
760.631
293.395
582.824
986.603
590.128
537.58
496.988
171.712
714.448
421.229
0.282086
218.446
361.658
1705.31
48.8077
101.304
343.228
129.182
224.481
1872.01
164.355
482.821
211.448
270.304
523.504
83.4285
415.366
50.495
161.964
49.4425
132.572
553.175
1088.21
116.908
174.369
896.853
253.633
820.665
165.818
475.01
571.445
381.056
769.239
197.28
288.275
50.2377
960.963
34.9024
300.307
135.954
873.97
490.883
2088.35
746.086
107.778
1164.7
948.678
309.564
203.083
1837.1
1176.49
764.106
155.873
258.746
731.497
1100.76
84.8778
138.53
228.102
466.319
119.932
332.474
988.8
1524.62
152.527
67.4267
161.631
425.591
810.521
648.506
1257.51
205.677
455.886
604.359
206.929
411.856
750.391
951.187
1082.33
9.01598
199.19
395.062
237.549
626.979
400.698
91.8184
557.441
335.147
211.494
431.77
721.97
358.102
351.409
238.036
613.769
5.86351
127.253
90.5876
28.2824
103.67
1120.22
736.324
585.453
8.34207
866.441
944.781
818.789
10.8232
370.582
556.748
141.426
115.798
199.153
568.903
633.426
191.017
583.17
100.646
30.1051
1597.84
27.8919
410.046
199.687
75.0692
611.093
248.069
838.782
49.5073
58.357
74.3227
42.5053
810.662
133.388
143.454
400.805
0.983037
53.5027
144.343
833.12
945.953
901.941
195.05
23.0349
266.266
143.043
17.6839
534.874
1257.65
1244.92
492.152
187.609
93.1659
639.933
135.978
225.475
254.35
298.116
949.026
258.092
346.891
852.958
115.262
902.806
773.099
155.19
490.256
1717.29
223.722
10.6319
197.561
225.743
210.369
246.202
786.934
1469.19
1599.17
335.457
15.3076
1384.59
618.036
347.83
174.115
612.199
199.368
1134.94
538.565
1219.62
264.16
1476.37
241.867
307.408
68.6231
822.68
1004.71
398.84
8.19094
50.6633
911.931
4.38053
2287.89
546.099
1272.9
1641.39
820.674
929.711
211.307
1099.79
149.52
168.667
1000.92
153.325
46.3903
976.124
416.509
469.285
280.456
299.032
563.862
836.186
1674.82
374.653
824.967
247.255
839.544
320.035
2191.78
663.906
696.493
153.966
236.193
471.565
229.419
98.1074
509.803
669.968
190.025
62.8931
1988.91
31.6446
242.211
705.007
321.066
650.931
163.482
428.046
340.082
1049.42
727.684
4.51998
330.492
50.0356
906.495
652.119
1061.14
259.517
441.087
631.072
76.3688
1.27883
147.045
976.656
93.177
287.796
911.739
449.003
2625.96
308.096
435.1
250.845
558.83
2252.16
100.393
241.834
115.215
947.538
867.868
8.18565
198.723
6.98765
499.668
2105.7
692.345
136.434
46.1409
182.33
314.77
122.422
59.4825
347.333
754.982
228.983
148.853
201.203
84.1442
516.446
703.819
681.229
988.15
1182.97
79.7945
898.852
854.026
315.173
56.1037
193.007
368.601
910.799
200.013
601.606
135.767
566.487
590.678
330.092
42.1509
154.233
167.633
26.5796
208.822
62.6673
876.972
696.874
250.351
92.4627
443.442
174.821
193.382
319.794
261.958
410.981
1041.36
12.6121
528.885
27.9939
503.89
72.0413
152.981
506.851
366.179
654.205
609.808
1280.16
277.243
85.1184
435.471
90.9997
205.702
398.891
951.379
100.758
417.753
318.984
1016.48
20.8636
252.141
24.999
38.7499
30.9514
113.079
38.8012
84.9435
809.409
303.711
648.073
693.55
557.922
666.631
81.056
847.477
1874.22
392.359
652.974
3.88414
509.654
8.46556
104.784
339.224
1167.81
302.644
40.6619
1253.15
38.4088
161.344
148.192
284.607
893.741
266.712
1191.98
549.599
366.544
237.084
476.422
66.3762
254.342
13.257
821.52
355.959
510.327
88.2423
1730.98
17.5003
4564.29
733.009
108.73
235.505
277.113
198.291
276.731
707.329
383.903
111.009
0.231037
683.27
495.517
611.886
472.747
203.273
463.513
653.573
1073.11
472.035
3.50321
240.392
1094.16
158.205
3.92831
1012.8
524.807
488.449
2207.43
217.068
474.299
163.994
418.181
507.677
253.375
62.7643
50.4457
462.742
27.784
46.72
227.51
213.754
107.314
211.899
351.555
76.8564
445.592
21.8315
31.8482
888.517
254.908
444.855
189.01
929.505
76.1184
67.4217
297.503
110.41
656.54
101.161
98.3369
83.7096
71.1002
580.69
736.809
497.519
2580.68
1042.22
864.66
125.973
46.1855
391.305
801.192
7.74193
273.588
52.5299
804.007
1029.21
303.983
196.274
238.282
529.39
1534.49
19.8432
374.055
341.492
904.225
267.742
122.501
578.377
18.4745
863.411
875.948
195.257
796.069
54.3378
2894.35
1361.07
160.106
22.2721
468.223
141.595
117.972
1838.32
753.434
654.875
85.496
72.9541
428.197
586.678
945.467
181.412
670.976
277.311
1671.25
653.334
921.34
1133.78
1011.84
390.045
1085.75
555.415
85.7031
1646.7
396.29
42.6663
149.909
795.609
526.965
1812.22
351.85
84.1553
120.155
113.357
342.863
338.757
1659.8
2682.6
338.928
53.7391
839.368
5.46167
485.339
1487.44
1199.06
108.61
94.1619
564.047
304.345
131.908
206.858
324.214
1552.47
348.376
528.729
136.054
1230.99
136.969
129.973
68.04
771.86
83.6212
402.509
952.049
419.385
1331.33
43.3545
351.164
45.5377
140.346
596.707
98.416
53.8948
563.566
211.018
742.772
4.52755
306.812
13.7581
12.476
745.472
1699.11
565.568
553.249
1162
65.1189
312.795
790.202
275.646
508.465
178.758
587.236
1062.8
536.309
1041.69
533.585
381.784
476.958
260.96
423.978
169.224
459.949
68.3165
509.466
340.205
169.967
476.522
985.881
15.9356
98.7295
477.431
428.613
763.738
231.233
91.5655
732.673
1221.7
1154.27
40.0965
10.2805
395.043
119.941
217.822
1224.64
589.078
373.12
1072.97
191.627
430.545
229.193
137.331
81.3819
431.811
0.478463
237.189
494.097
7.04827
1152.64
932.367
239.302
31.8734
1223.81
240.716
105.002
1678.01
992.265
464.471
316.313
639.948
492.9
125.416
254.513
73.4509
206.075
1252.96
754.61
537.844
97.6748
30.9452
68.3458
52.3251
1067.99
1174.23
67.2555
145.51
322.062
484.93
84.5986
1178.01
616.441
1082.74
415.97
65.3592
129.068
10.5308
193.031
1399.49
868.169
16.1677
116.531
49.8728
190.106
348.725
484.437
67.8205
506.567
425.46
213.916
142.017
1002.15
7.30552
715.845
488.2
713.609
147.561
1920.64
851.79
171.374
987.127
716.315
1770.01
688.282
426.867
71.817
164.393
1926.91
1503.02
923.028
437.826
29.0996
34.827
186.834
476.392
498.793
828.713
588.077
9.97533
345.316
24.0981
38.5335
1647.07
418.609
299.818
300.257
18.9654
30.0752
551.204
119.629
87.0272
406.945
1375.05
2749.93
187.154
227.225
88.4219
140.353
374.027
72.4503
1107.44
1270.74
1224.59
161.954
178.012
150.652
643.783
855.137
878.396
379.522
770.735
156.245
961.935
289.672
45.2018
60.4247
242.274
22.478
167.721
175.09
96.6131
908.284
174.015
401.53
828.444
274.056
438.688
267.662
61.6754
896.926
75.2822
1887.81
240.304
113.105
253.43
192.264
27.7883
87.5817
882.64
507.103
539.029
853.094
1204.09
1208.47
103.904
243.401
127.291
966.983
590.625
250.953
278.264
845.717
158.555
729.251
255.726
139.868
321.115
288.387
623.869
184.776
1554.85
1653.55
572.693
1218.61
857.372
664.335
1538.1
120.435
1075.27
42.7136
542.955
788.159
298.781
286.889
164.088
20.6613
343.569
1759.84
570.933
72.9348
155.216
274.649
1309.63
982.093
416.17
90.0724
446.026
140.866
628.422
83.624
340.699
345.335
162.739
1543.54
195.464
396.863
519.269
333.556
1855.26
465.504
110.479
829.602
87.631
1681.68
405.32
556.687
1712.26
365.257
65.7409
31.3172
454.121
1310.17
91.3524
195.875
576.404
53.5185
598.23
525.655
305.294
880.886
325.783
1906.69
344.717
2095.05
438.089
124.353
233.917
496.915
327.466
668.366
227.243
339.466
31.3092
346.291
1773.91
312.045
144.063
52.2818
1526.35
109.81
164.142
1463.31
495.528
33.7675
524.555
122.744
169.462
202.885
525.235
375.105
699.503
10.9004
3.22733
86.0076
597.793
297.169
1033.67
1414.57
215.975
53.7955
23.3647
292.753
946.353
848.846
413.455
1.58361
97.5515
202.07
672.674
370.407
482.962
438.089
41.9217
924.904
6.76723
108.232
12.4773
374.752
286.467
305.24
5.38723
70.1111
1000.36
787.502
73.4906
207.427
816.309
755.159
158.703
870.857
662.496
47.1646
86.065
372.989
1272
8.6286
382.95
136.893
524.674
546.511
422.482
1749.68
84.1253
589.021
1238.29
281.507
115.148
333.702
28.2298
427.751
1543.43
155.886
409.738
306.009
1008.81
56.0748
517.711
82.7026
463.555
950.949
745.417
10.4896
272.667
139.55
693.208
183.489
359.109
278.607
228.561
283.242
1235.57
212.349
397.82
293.099
759.086
235.954
144.151
49.023
57.8801
2092.97
760.345
742.554
382.914
191.12
360.21
2413.43
1598.38
281.321
310.877
630.47
321.284
263.475
1982.87
713.27
1505.67
1862
2751.51
234.054
298.609
60.0816
1375.26
419.001
688.785
1069.44
99.7099
827.417
51.8338
411.521
38.6184
433.48
256.942
117.409
53.3731
413.532
1.12223
808.847
1061.22
91.8737
282.66
34.2382
2269.74
1432.72
227.382
996.975
373.628
9.67566
482.687
1393.65
61.4621
794.8
187.432
255.966
82.1836
92.1749
21.7979
224.723
880.704
487.671
384.05
428.553
182.672
1581.19
85.6947
797.752
721.534
285.307
72.4939
112.235
27.7671
538.356
627.84
1139.84
16.8266
28.4317
3533.24
557.35
86.3592
173.029
97.9194
113.546
53.2564
234.765
61.5846
654.667
45.5598
1395.02
428.465
156.248
46.049
109.491
43.4545
39.5611
20.152
922.006
376.145
155.542
133.423
27.1617
62.3669
207.06
336.5
94.2214
17.9839
383.919
663.794
67.2366
65.2937
128.653
1155.55
11.3526
210.626
276.31
104.454
496.755
654.363
66.6394
434.297
1176.03
572.685
31.4187
813.786
379.106
1350.64
187.545
1073.47
163.365
79.5288
1162.68
38.4784
270.727
70.809
124.59
260.97
240.984
277.342
424.842
679.543
509.009
102.053
60.5874
166.607
1212.92
779.177
934.776
142.085
120.807
24.8969
338.146
486.536
732.483
240.92
480.011
965.152
27.0567
545.984
144.065
1392.32
711.441
174.826
288.349
165.454
18.9203
976.446
333.685
65.3131
170.438
2104.44
187.915
300.461
82.5093
449.918
692.438
4.97887
237.821
490.797
677.744
174.568
100.903
1115.8
576.365
171.257
253.076
193.849
319.506
1279.82
312.908
166.913
471.09
1057.21
1200.64
251.457
112.333
384.963
1312.94
882.644
537.04
767.584
853.38
4635.58
783.251
1404.89
776.183
1307.93
2324.29
700.835
692.846
1122.9
1229.88
149.558
792.388
173.429
119.399
229.378
107.156
1235.35
155.127
63.3854
635.779
172.078
38.7675
76.6369
35.1756
173.902
365.612
99.4004
27.4577
919.866
426.103
64.8705
1341.21
907.672
345.334
287.229
1523.86
1083.19
77.758
143.392
112.805
276.807
1193.16
888.882
575.323
148.774
545.968
107.62
713.973
269.479
113.146
799.129
568.727
118.704
455.057
1286.93
1068.81
585.67
124.174
354.832
1364.26
243.053
1060.19
777.41
52.6101
27.5251
948.424
33.2352
285.218
210.137
2236.21
300.005
1398.26
126.387
670.564
514.234
1230.01
212.418
478.886
720.54
537.036
94.6318
390.014
540.321
270.444
545.402
134.543
367.541
1498.8
682.31
286.543
485.331
121.463
780.67
584.879
384.078
106.274
678.006
250.608
365.7
1722.56
529.837
99.2742
242.315
617.591
584.697
366.008
204.606
1187.9
267.133
246.139
185.624
422.25
192.442
1140.75
290.741
158.817
302.873
220.984
430.07
24.6834
508.975
23.3871
95.7755
343.012
153.229
75.8181
79.0923
45.7421
136.063
439.476
160.687
109.615
175.651
58.426
971.976
357.05
130.118
583.862
255.207
17.4282
2144.23
221.598
197.147
601.177
346.614
686.365
1126.46
62.9006
9.15629
4.09428
469.888
671.472
969.227
446.155
456.916
566.848
604.865
53.4549
78.8948
1400.64
198.812
79.9322
830.364
722.096
554.052
456.422
615.259
23.546
169.383
34.9293
934.39
374.487
78.7262
275.75
86.9141
1094.46
226.827
238.69
763.323
350.407
627.973
879.058
573.644
843.904
980.665
1114.6
190.448
574.142
217.807
277.542
302.678
231.7
167.022
698.305
290.082
1584.18
126.219
150.496
170.873
65.1006
262.042
464.089
563.982
912.654
2361.23
1086.85
48.5243
292.741
458.569
433.881
2318.98
1730.15
108.473
223.078
367.077
382.193
149.033
189.972
164.767
162.681
387.072
79.5703
941.482
278.169
1584.89
255.118
228.027
23.6027
1155.61
199.322
322.462
1716.41
123.553
183.345
5.81237
70.5549
310.108
967.252
275.77
526.577
220.02
55.2576
2054.04
510.219
98.2756
184.438
824.589
935.713
44.0182
398.308
279.185
16.9562
15.2934
38.8089
574.641
74.9686
173.753
190.993
114.805
209.983
361.855
314.562
21.3748
62.7433
637.87
230.865
303.123
51.8689
360.464
1220.08
145.687
173.879
192.304
133.793
332.417
393.233
491.956
610.299
391.178
25.2746
828.317
273.888
999.084
704.574
514.149
82.5591
388.274
405.485
563.024
193.311
185.135
190.159
117.803
495.375
50.1098
219.181
740.947
445.862
69.7288
396.58
125.972
170.442
1603.74
48.7135
161.23
458.894
109.985
195.318
856.777
18.0596
520.518
330.937
125.754
332.934
471.717
60.9022
160.702
476.729
647.454
940.244
105.931
564.703
590.373
370.251
457.085
288.196
758.348
177.476
307.027
236.9
264.18
252.832
157.307
347.825
16.2796
546.921
318.999
554.763
90.0914
638.523
136.927
1672.99
315.696
215.074
62.8546
424.131
337.891
437.517
238.149
330.187
303.021
275.691
2148.28
1729.03
611.085
446.02
1289.16
581.519
42.1407
446.361
412.275
189.671
2199.71
1070.12
49.2938
747.061
18.3587
1282.36
335.905
713.567
313.055
353.285
563.361
59.9618
423.855
1760.15
233.793
50.7017
594.647
489.091
552.348
1619.44
748.082
15.1115
426.344
63.4341
81.9032
504.438
87.0169
22.2191
453.949
716.612
449.906
9.25079
132.289
443.817
1126.71
254.216
46.6468
795.499
902.529
122.008
1112.66
610.75
1614
1476.25
770.65
97.8272
968.493
1373.93
17.4614
122.571
73.3277
1554.17
3.5972
59.5732
61.9306
65.7164
340.262
276.251
554.883
330.021
868.541
74.141
1377.65
1474.46
927.907
1293.7
356.893
664.719
1008.59
977.888
3250.65
50.9123
233.109
389.728
1049.9
911.711
0.879165
763.365
159.091
1114.02
308.244
442.245
847.428
595.634
1381.04
624.311
415.58
1172.99
1004.87
349.926
1266.73
690.206
129.123
846.763
1415.46
210.408
171.927
1744.87
18.4699
168.82
160.21
194.241
345.031
237.919
33.9728
262.704
207.555
153.877
750.488
385.612
152.851
47.2598
871.907
128.505
18.0443
790.864
1648.85
119.806
38.3642
99.7679
1072.79
65.2315
329.59
509.478
760.939
385.932
572.947
940.71
832.96
1063.43
1241.62
210.392
175.731
358.831
232.638
634.882
554.636
150.017
67.928
667.047
1557.25
1223.58
428.093
133.509
52.7115
306.291
822.708
386.292
262.761
208.149
801.831
33.7374
437.309
100.139
250.061
455.857
1588.54
260.918
457.95
86.5438
324.653
16.269
362.614
907.233
1220.54
109.613
138.815
15.1001
239.401
1303.87
289.912
3432.95
273.931
222.493
67.0558
3.46773
631.104
511.281
53.4295
57.9057
19.4793
641.622
462.029
59.7763
796.191
539.691
132.611
418.466
1543.88
36.1568
408.345
243.146
281.489
921.804
522.935
428.911
988.958
271.442
502.651
6.72563
1117.21
549.998
382.286
518.448
67.1701
732.395
242.974
200.336
35.2803
589.023
1008.37
195.188
93.9714
107.409
1545.62
27.1528
2635.01
158.467
856.346
202.245
362.35
814.245
332.966
173.636
117.117
716.793
1239.12
60.287
1225.36
27.9514
717.681
128.84
170.998
233.436
356.706
431.958
566.163
249.215
230.544
285.153
358.804
703.375
87.4648
1354.54
983.805
105.089
1278.87
139.553
15.4728
1020.57
316.071
347.164
318.889
831.495
103.64
85.1856
107.854
1679.08
1602.17
508.451
674.175
1131.68
625.628
1378.98
99.7458
1744.69
299.404
439.114
64.813
19.7493
254.585
107.203
1495.8
207.032
503.289
69.1555
735.294
948.235
324.49
465.207
1480.42
3122.64
133.402
447.887
44.8456
59.266
167.706
1.34834
188.193
262.368
646.359
411.29
312.155
1267.43
207.75
364.035
84.3361
119.22
278.926
2223.92
73.6055
194.65
928.502
544.071
5.35772
891.28
359.692
945.08
138.735
137.477
1677.33
120.462
453.72
202.05
189.229
7.97873
436.756
80.992
161.891
492.693
229.302
1314.61
2402.24
801.336
338.124
1879.07
936.072
473.32
161.564
37.7318
2815.2
136.662
687.667
409.001
2.20066
428.796
15.4866
775.198
447.593
92.1693
1093.05
413.23
1253.08
1201.06
719.479
305.259
131.166
5.61052
9.11622
108.218
82.968
37.093
282.056
128.203
159.708
39.2931
20.4771
501.76
618.957
979.984
472.131
179.148
147.808
664.111
138.892
846.475
273.461
454.338
85.3655
60.0765
142.804
671.522
33.6692
740.262
48.6535
129.68
399.005
108.874
176.414
13.1988
894.837
20.0171
144.93
896.457
18.4488
125.698
75.4066
8.71214
70.497
650.383
533.376
83.2792
523.729
191.76
42.9468
2.36867
511.881
1131.76
1438
1102.98
553.962
925.57
164.328
280.051
1883.12
550.328
751.725
58.8637
622.15
256.733
710.812
182.836
429.206
689.602
2078.47
209.755
795.483
87.467
716.035
44.4828
438.615
141.951
89.6874
36.5602
389.927
16.0718
357.853
63.0915
78.6234
230.625
1.52211
254.744
1968.67
1293.05
168.033
82.1356
80.4481
949.128
1251.22
193.126
73.897
68.0848
90.7674
207.652
44.2316
83.224
145.676
708.266
1144.86
645.439
655.663
1330.29
412.494
69.9269
67.477
143.264
296.309
467.552
32.7389
1061.37
149.318
476.835
1400.43
327.082
1868.45
213.486
851.491
144.55
579.134
1012.37
282.924
423.186
59.9844
18.3972
659.93
108.787
1104.97
244.439
904.861
1414.64
547.252
444.191
926.65
100.185
179.2
875.542
587.868
108.874
194.325
644.365
248.071
429.57
1232.08
544.225
35.0477
192.422
142.127
540.008
426.144
1957.78
45.5479
92.7114
43.5268
466.545
562.023
110.353
218.153
1840.83
286.341
531.381
727.784
602.527
283.545
0.316305
66.9641
190.145
2930.46
522.868
787.768
29.9004
25.9496
421.97
448.73
528.764
221.925
990.208
769.809
87.377
223.519
219.557
1035.55
1044.64
915.824
1487.53
951.535
16.8561
955.875
39.4534
666.059
21.1088
782.985
361.405
437.483
793.694
233.704
0.50522
92.0936
399.26
894.465
81.7887
614.609
326.395
248.952
665.082
525.571
47.9634
212.167
2242.16
873.613
863.464
70.3539
379.246
387.003
513.692
667.03
782.982
7.07196
197.334
20.5781
503.295
792.384
991.981
343.761
711.555
61.5299
856.692
778.16
363.914
307.985
683.68
590.179
282.314
733.596
571.574
3040.7
110.331
329.602
1296.65
316.14
1168.15
113.603
206.68
252.299
726.545
6.82368
617.984
247.727
200.317
456.22
290.265
464.589
237.909
591.81
489.75
311.07
76.9397
230.878
570.322
101.946
414
392.079
649.951
135.114
335.468
445.561
1621.06
373.343
728.252
409.957
790.98
1.81989
1073.2
193.015
139.423
580.316
76.4213
612.421
207.828
966.715
79.4997
94.3726
141.079
415.3
1191.32
23.5001
385.98
239.101
235.687
87.7872
1227
55.4516
573.871
843.163
237.261
420.97
262.819
174.344
8.61455
1416.28
261.451
2378.34
141.852
69.3841
933.347
978.385
130.219
1238.65
1177.25
940.341
140.361
19.4038
95.6366
403.464
1176.57
345.367
102.073
409.001
349.493
218.6
270.949
92.7378
180.61
114.848
502.928
850.969
183.059
530.218
249.884
676.159
1043.56
1452.89
791.022
1001.21
232.395
651.205
188.751
428.246
1304.57
309.534
857.888
40.2539
141.56
334.797
819.827
57.6118
577.623
220.513
898.897
5.80374
1564.6
563.26
33.7984
353.318
770.034
1023.73
648.483
741.094
162.816
489.711
394.04
238.682
1827.94
473.105
983.564
202.599
221.309
1047.7
341.562
817.322
484.901
227.806
139.742
884.919
95.0396
36.3113
1257.13
292.917
165.449
72.0934
488.819
319.099
827.771
55.1828
300.617
1328.73
190.959
585.496
1423.11
97.2325
983.458
481.877
66.8519
767.225
472.83
174.913
655.116
91.9147
441.613
286.843
438.141
358.002
567.864
753.286
18.1011
315.913
239.479
50.4614
425.321
10.8613
72.9247
131.014
739.405
447.594
622.933
1738.51
88.7679
512.388
52.8437
268.482
71.6483
1254.38
675.772
123.67
101.958
1.42908
127.051
1221.81
339.817
173.109
85.2714
391.206
831.608
0.0179414
532.119
174.915
747.539
2647.85
1063.86
629.055
1841.93
83.8246
518.724
591.507
291.588
292.953
352.213
260.892
556.143
156.58
331.895
130.251
876.614
239.653
821.901
165.811
581.519
1027.68
23.1742
522.38
998.163
736.792
446.245
226.105
182.724
551.827
131.569
418.498
428.347
694.937
258.326
862.004
208.191
919.604
643.473
173.565
247.025
106.95
317.869
136.1
985.203
47.0371
378.668
45.3233
322.98
192.568
18.2875
54.913
86.5197
1278.54
176.152
33.5485
1391.63
106.351
1178.95
204.535
11.9306
1392.89
699.228
1712.69
492.06
370.898
318.254
383.935
199.375
320.113
27.8368
210.506
522.118
839.467
271.001
62.4481
1206.35
424.579
887.525
319.09
16.4801
1161.13
275.179
197.356
1141.72
891.314
11.8983
1341.85
647.088
111.847
79.0048
333.439
763.034
98.6616
508.835
308.517
143.975
120.399
120.507
53.4841
111.806
19.6122
120
22.9192
1228.39
228.259
41.9165
1305
162.066
952.699
594.17
1777.35
697.39
770.764
514.436
102.07
177.152
1004.57
238.935
433.665
349.46
821.069
1101.26
657.043
118.801
97.0559
392.323
26.9914
155.295
450.988
813.5
317.361
502.802
773.734
212.061
2700.41
40.5055
905.899
252.296
425.341
1046.79
409.149
30.3154
52.2099
663.713
1380.37
85.4378
1465.46
645.364
1064.48
174.319
101.735
678.252
1097.33
190.313
6.62689
861.58
195.236
62.0539
268.555
536.779
198.305
97.2986
3.03086
193.938
228.638
0.398377
461.336
534.307
547.192
220.301
771.513
28.9994
830.336
963.207
401.579
793.336
1073.51
1056.57
682.298
571.239
41.8743
80.4303
175.015
10.106
1121.25
339.95
140.46
507.207
239.048
1485.04
648.079
152.398
748.728
137.328
2359
17.1507
626.593
1678.28
2162.82
511.163
1747.21
923.488
1118.19
74.5893
1328.71
46.319
87.0091
78.6091
25.8174
740.477
487.312
1333.77
647.313
46.9636
272.959
135.601
611.72
1529.74
226.692
601.133
718.627
706.161
1420.25
342.221
451.835
975.134
825.03
232.077
222.741
441.784
220.885
349.572
72.209
1157.56
158.594
881.395
632.241
1321.65
529.194
313.993
65.6589
184.576
331.874
1108.19
14.2628
1681.61
35.9443
509.761
102.77
476.211
212.386
160.604
1004.62
876.755
243.023
1188.01
258.283
388.897
1206.39
396.155
684.954
77.3221
169.539
37.7478
1542.28
71.0377
1292.75
2.55715
126.444
0.713544
175.707
495.483
122.494
200.265
722.771
474.592
352.44
377.269
106.531
127.127
1296.55
761.316
45.8983
1312.77
641.786
284.874
35.8301
233.571
524.304
249.603
55.6435
376.415
38.9457
296.484
426.275
440.389
22.8805
416.566
275.88
292.414
855.906
162.876
153.272
733.889
268.051
21.5019
380.301
958.757
8.71702
1468.09
254.899
322.284
533.546
113.774
88.4049
601.24
177.916
1152.77
261.525
6.18966
277.063
356.502
279.869
495.188
68.6314
310.634
361.758
335.01
434.18
840.22
275.976
203.236
1.04204
609.061
855.544
295.123
708.418
269.234
410.963
598.491
563.576
182.776
837.251
554.084
2728.46
174.898
44.5071
890.456
945.529
214.713
335.55
39.1787
1007.58
442.133
2098
25.3481
178.019
67.9768
315.243
51.2707
292.58
728.796
1151.46
1254.79
48.0083
707.341
865.042
430.805
227.933
545.493
574.483
1044.26
740.656
1471.89
386.409
1128.96
1991.55
502.181
333.581
119.073
210.631
436.981
4.95698
437.66
390.077
69.0043
361.855
76.408
627.229
541.854
50.5101
459.725
999.688
180.534
33.1737
1385.22
74.3886
437.416
280.796
494.997
142.156
102.21
359.749
193.315
173.537
10.3782
437.447
130.086
661.861
235.811
391.838
1869.19
80.1587
752.301
124.126
504.037
1400.92
37.2334
56.538
2429.04
4405.07
309.435
224.726
74.6684
409.461
282.561
512.272
369.141
1174.99
30.9273
405.73
1086.38
412.773
692.405
323.473
744.08
483.6
428.165
938.614
465.824
864.285
132.35
12.3789
0.622014
119.068
337.73
195.934
452.652
46.0032
366.369
312.873
453.462
382.659
9.03999
25.6737
195.946
416.957
723.583
80.1114
653.002
311.727
9.5401
569.103
418.046
1233.23
794.986
1359.26
127.413
906.411
778.917
380.466
108.669
488.532
568.84
406.89
549.576
25.9929
550.566
8.21364
501.802
208.956
196.743
948.496
216.987
470.408
39.903
898.069
701.913
1412.43
169.546
12.6286
188.23
389.67
465.44
524.225
879.478
136.162
809.868
390.838
1174.79
811.329
172.422
2679.93
45.9257
1404.54
49.7473
413.806
62.411
938.426
234.347
131.501
596.892
98.8925
729.902
1670.73
180.725
56.4633
786.873
152.591
21.5326
958.203
85.8234
355.146
153.755
449.11
74.6809
496.198
473.107
0.834688
940.135
410.288
259.807
75.3736
896.559
141.596
1006.66
1491.24
6.85145
881.117
1336.22
1080.54
11.9091
252.58
21.3138
762.162
323.842
210.46
95.3047
447.55
1016.47
272.952
57.0889
336.961
551.023
1202.95
134.886
368.17
264.462
623.412
1487.57
1279.03
1109.08
148.197
109.964
800.198
504.801
378.881
74.2612
424.158
288.407
965.232
1706.78
365.155
282.144
35.5253
109.675
31.7165
389.43
214.269
312.744
177.05
311.245
438.763
203.264
656.798
79.3068
46.8436
344.909
178.028
789.06
305.377
290.334
584.381
129.253
388.809
523.179
15.5057
88.6646
801.161
221.191
1429.23
999.492
47.816
97.2832
120.608
241.332
295.287
181.538
285.033
576.022
55.782
281.63
636.473
405.85
500.361
159.585
201.109
74.2942
641.685
184.902
140.684
363.936
345.053
157.037
165.523
624.451
1493.57
693.068
198.264
75.2475
658.236
28.2939
1001.43
492.697
470.364
122.537
475.722
1270.78
546.182
388.027
1069.81
705.908
48.4999
240.041
425.427
203.702
939.622
1117.98
96.4602
456.719
71.3086
624.65
138.833
391.075
47.9901
281.894
559.897
532.784
87.9036
300.168
127.93
230.137
321.47
574.144
504.532
792.86
142.057
168.449
521.579
236.115
93.8657
1283.47
247.01
1369.26
216.919
806.455
660.161
262.965
53.5376
859.381
744.387
459.64
637.962
451.383
884.888
67.2281
2430.58
448.292
879.995
103.917
216.902
87.8201
1157.93
1669.51
13.4218
348.677
159.017
209.854
481.571
229.477
192.674
682.198
151.298
277.839
178.119
3.59896
972.704
889.275
495.284
124.743
355.54
128.77
506.733
686.711
1297.28
261.991
1034.55
124.763
159.583
807.148
299.038
476.535
226.202
843.482
258.896
59.1807
887.785
361.486
520.189
687.716
199.373
725.586
651.533
196.084
260.633
386.43
712.178
1529.32
836.734
221.835
260.336
458.96
708.884
912.761
1085.18
927.674
21.1223
159.105
329.078
755.883
935.832
114.26
1646.82
107.1
736.969
97.0472
554.309
766.359
442.572
57.2486
123.027
634.943
225.776
274.71
656.12
641.688
215.284
795.37
2378.63
40.9146
1339.7
836.542
1029.42
60.0445
22.1121
463.66
1343.81
22.8063
1577.17
3936.46
44.9544
2513.95
723.805
9.74833
2474.32
391.626
266.876
110.607
916.349
64.9233
502.174
195.304
291.242
298.413
448.359
123.494
509.568
34.9643
134.653
85.1104
91.228
575.006
230.589
214.422
81.4424
1399.5
221.916
262.926
882.359
89.2491
25.4521
219.333
2063.43
337.199
9.99758
714.365
586.511
24.8133
563.119
687.369
2339.82
21.8193
660.311
344.933
317.609
129.721
194.727
1398.99
502.065
380.37
1212.44
496.665
314.925
93.9676
252.272
109.134
1294.61
180.052
263.959
7.25214
30.0353
938.613
51.5401
136.602
875.315
443.322
588.605
280.545
45.89
3.12722
304.537
133.079
128.465
395.602
220.663
1171.46
259.509
874.756
191.834
421.045
539.397
231.61
463.454
241.865
319.872
234.076
67.0283
1886.92
866.116
1324.93
338.305
499.873
68.123
36.3211
136.275
167.492
29.2712
994.119
176.027
138.774
1901.13
370.009
771.533
100.088
140.709
1157.89
45.3001
414.61
223.651
609.155
45.262
817.578
61.6896
960.529
422.769
704.922
890.564
2694.81
294.528
431.838
403.308
380.98
582.814
51.4537
1802.06
293.775
584.028
650.193
808.969
98.9024
1506.68
240.383
101.196
329.391
236.837
211.659
1306.92
937.828
966.969
739.648
1610.1
1072.33
1177.81
70.892
130.949
131.282
367.175
1140.51
1059.14
704.125
918.571
769.072
302.122
1330.01
417.675
83.052
135.933
9.37381
198.212
2007
74.0351
109.858
18.2784
145.475
339.437
466.7
1973.47
133.383
108.811
412.533
417.822
190.946
179.747
101.228
657.959
90.4535
296.98
146.689
704.092
23.8917
56.1446
1213.25
761.651
182.542
1486.93
172.936
287.717
349.81
608.583
1383.04
453.256
25.9037
419.752
335.237
214.054
588.089
1017.11
1649.8
691.092
69.3268
162.221
671.893
157.439
525.141
764.27
1474.55
14.9875
173.073
91.3233
363.118
1144.89
750.039
646.237
172.493
153.448
595.281
105.812
218.555
486.397
99.4036
507.97
825.764
766.999
173.018
336.2
277.582
1935.69
124.959
448.253
1392.67
598.418
335.046
102.908
551.338
718.07
74.5353
661.069
2681.8
646.065
537.368
245.055
678.708
603.519
706.315
214.629
33.3003
37.7892
45.3747
737.456
98.6244
1296.28
1393.28
268.68
93.8119
430.838
85.2598
678.18
11.2097
313.01
733.148
155.147
1497.15
208.68
771.184
1683.96
208.814
636.981
597.945
203.04
118.449
675.66
554.303
296.233
726.049
216.63
399.144
288.581
4.49494
106.223
370.169
79.5055
314.869
548.647
201.113
483.979
164.484
64.0706
84.111
287.108
181.966
1191.79
185.116
968.201
144.078
201.82
1328.52
272.725
400.814
120.588
176.007
101.42
115.651
250.634
311.177
286.724
252.157
645.208
15.9909
134.326
321.03
91.4922
356.13
38.6149
26.761
38.3235
510.283
350.126
296.45
926.704
191.231
71.1596
190.539
252.392
398.225
69.7156
68.8512
681.938
712.87
375.426
242.387
237.836
493.98
237.543
27.8649
284.78
90.7259
799.026
55.4026
1400.57
165.391
1203.54
1026.24
225.118
155.069
99.5179
51.809
147.069
28.0932
402.911
1031.19
1275.47
935.955
2014.88
789.38
450.706
590.677
1362.96
16.9019
299.782
621.296
106.573
3.25874
1798.42
896.249
160.112
76.6657
435.958
398.633
142.697
465.703
167.556
105.972
1366.14
67.027
53.2994
423.349
605.784
72.7302
50.9776
82.4001
295.121
90.3891
58.9329
81.8618
40.3187
390.534
27.7927
122.369
143.676
1685.58
320.537
42.9013
159.038
237.16
422.374
575.237
502.638
1270.44
403.123
242.498
149.364
28.6691
727.343
543.96
208.551
477.604
4.34913
184.121
1052.9
668.828
185.807
228.84
579.107
252.272
133.414
37.6926
236.33
1509
1389.64
53.1293
667.753
30.5547
306.121
51.4339
2356.59
153.723
509.961
98.0683
10.2488
164.063
899.643
688.647
270.569
919.435
192.091
1017.74
462.599
177.572
1475.2
872.259
588.343
171.914
122.095
79.4635
1382.64
402.391
543.925
2181.47
310.516
51.3573
1140.06
196.661
113.724
1713.17
2030.89
692.507
211.636
140.112
344.349
826.854
546.853
364.041
220.209
148.663
550.438
834.338
194.638
625.406
318.537
267.915
599.725
168.517
811.034
170.878
45.9689
2781.16
17.4636
516.032
1027.23
1016.32
689.219
58.4967
690.204
105.856
16.5197
82.9435
401.365
508.2
2463.99
279.206
297.565
606.167
1400.84
104.513
174.044
504.762
228.155
95.3874
323.964
96.4867
347.538
692.556
89.837
652.255
1509.73
23.1327
153.909
235.92
1665.83
577.605
108.575
1854.3
259.819
334.918
38.2415
9.33751
466.201
392.756
107.34
844.901
6.39087
145.109
702.468
638.867
646.343
302.845
136.201
1254.98
1118.91
359.924
42.8289
589.528
332.373
249.994
31.7178
350.494
1938.16
1283.55
115.808
599.2
48.7893
138.763
235.788
371.228
420.909
1457.06
85.1629
1329.55
560.17
111.988
1074.53
105.1
51.681
753.036
27.6487
237.574
582.369
13.5254
112.535
39.2495
991.698
482.624
222.355
2236.01
389.775
367.148
452.603
433.809
109.912
21.329
544.566
78.4194
2208.72
1152.47
824.456
515.594
277.558
578.192
298.774
725.428
896.113
44.2508
814.819
174.143
992.535
264.863
195.433
361.577
93.6694
854.914
90.3426
24.8258
953.514
168.587
187.748
483.092
964.166
266.213
78.1248
609.706
35.3129
147.296
973.23
823.828
156.372
920.849
209.413
600.324
82.7606
408.073
334.689
1141.47
491.15
267.389
303.825
259.27
683.982
451.295
1640.28
491.961
454.468
74.6517
244.187
258.104
2854.7
70.5381
230.99
575.029
861.55
106.995
32.4638
208.313
578.755
604.138
228.91
79.7495
568.763
735.877
584.636
779.365
759.384
2.88801
37.5959
125.872
561.104
230.507
383.131
376.218
411.654
292.556
1174.78
569.702
1.77291
441.763
286.255
179.405
543.325
803.612
25.7995
492.439
1338.07
63.365
1652.53
51.4433
694.526
856.661
159.073
237.786
1002.16
668.363
743.868
304.333
55.3546
77.8309
872.111
78.3997
570.815
653.94
597.241
292.46
111.209
594.244
98.6461
101.376
114.602
49.7835
942.247
551.81
407.775
296.076
52.205
92.3027
35.605
340.193
128.935
303.034
565.635
179.379
267.232
100.539
263.847
587.545
432.68
561.465
351.658
665.192
1554.46
188.943
1736.73
138.789
768.108
36.2682
234.088
80.7336
149.322
515.374
502.494
93.8149
3142.71
764.07
1397.5
438.756
301.806
576.218
545.786
1135.67
559.531
278.032
346.501
124.756
401.995
90.3472
302.725
330.041
72.685
852.375
309.596
36.7281
1140.33
578.3
1208.67
125.531
459.667
472.298
500.21
82.3819
136.381
1029.87
210.566
269.302
357.122
28.0418
1418.02
296.684
568.146
781.294
274.842
122.114
34.6211
303.24
369.446
3.33397
7.75907
7.99226
531.051
98.7821
1361.41
83.0691
203.829
649.668
1039.5
547.024
177.383
488.623
67.0669
405.636
1818.3
1517.72
655.594
77.8304
2246.38
807.187
78.2731
171.819
394.9
53.0608
758.771
529.744
41.6818
586.55
537.728
1273.81
497.867
673.579
66.1628
231.905
391.579
223.115
355.626
1163.48
71.4139
193.231
986.212
166.291
488.319
411.203
614.637
869.399
509.926
1014.01
1429.23
1185.67
62.8583
139.343
70.3526
1138.49
1479.97
52.438
2132.35
188.741
459.234
377.469
712.175
472.107
454.997
182.259
145.373
260.641
27.9953
983.302
144.964
1006.01
436.301
420.059
176.687
139.172
271.456
999.894
52.628
440.076
420.105
89.0564
0.111014
201.309
485.536
52.337
287.456
571.122
2510.92
1148.67
408.463
1044.43
536.337
1661.41
41.1894
111.811
211.855
206.648
77.0762
755.269
7.07022
456.296
46.2009
160.831
328.208
32.8615
651.837
249.042
32.5154
72.6464
297.594
335.208
252.159
96.651
315.078
357.242
22.9666
764.823
1564.14
919.563
832.615
59.5736
131.87
687.747
751.68
1736.91
130.202
316.869
92.1612
421.235
358.663
174.933
327.53
731.185
742.296
77.764
148.548
442.374
105.685
723.839
47.527
51.7387
1319.92
455.388
8.62093
213.032
385.571
882.565
66.5313
189.608
363.845
605.871
4.81549
26.4445
323.025
648.288
1.51264
396.945
169.632
404.231
234.604
345.035
585.77
1399.48
365.23
328.975
445.268
5.48616
513.528
144.895
266.704
428.375
1150.08
1101.16
68.527
238.787
209.278
1107.13
306.295
57.6548
83.9819
123.63
845.61
596.535
334.157
317.205
393.638
1536.4
53.873
168.554
463.89
31.9435
1077.01
164.315
1555.38
635.007
480.249
430.542
399.25
505.25
490.997
828.523
358.425
1.2334
646.448
128.37
1193.08
95.112
35.8649
172.152
641.639
256.934
46.973
210.227
357.001
565.635
189.115
281.847
30.1792
722.108
59.6619
846.617
327.886
571.155
728.725
1645.92
581.524
296.42
116.767
1317.42
1080.88
32.4857
1142.03
413.138
501.355
11.2667
1105.3
311.563
378.012
410.139
1269.87
1452.05
1649.85
910.519
178.101
218.135
1372.48
490.6
629.067
1467
85.3605
36.3081
491.232
144.795
351.2
953.255
196.843
2565.53
242.459
162.492
1328.56
40.8007
139.06
948.927
224.007
29.1065
140.267
1166.39
75.7331
270.131
659.32
326.166
707.339
306.812
136.433
49.8809
1319.07
37.485
1062.08
562.852
10.305
1247.16
36.0872
175.161
135.243
188.745
25.9491
31.1923
454.006
29.3863
886.983
308.932
1163.94
232.031
2156.94
332.738
7.87109
508.048
1909.24
269.048
28.2823
80.6189
546.924
229.057
1084.6
276.166
14.3306
430.805
1127.77
759.212
145.619
84.3956
608.889
1019
544.895
426.883
44.4176
174.419
1114.36
173.479
2053.67
603.752
187.36
340.057
304.431
412.916
1197.36
1352.91
71.2739
338.368
33.3244
943.988
1005.08
258.772
141.142
36.0313
507.84
1082.16
763.792
578.108
341.639
870.131
232.842
94.9665
912.287
1670.67
239.355
86.3287
3.57079
1091.65
900.292
286.434
1197.06
390.038
86.6958
581.565
49.5142
320.081
1126.12
394.955
62.7276
181.602
1055.49
1503.66
710.208
236.636
887.113
532.422
628.72
240.651
27.2414
181.226
708.848
40.7764
106.712
662.411
661.847
683.237
368.898
302.92
1942.2
959.871
1010.59
65.7448
861.715
138.891
532.749
679.056
711.767
10.9664
1071.68
94.5719
766.714
832.418
425.304
485.316
503.42
486.652
227.397
36.9434
143.2
187.281
370.01
149.422
996.642
787.379
2214.52
58.0352
251.494
1316.95
703.332
156.83
859.618
338.057
183.051
670.037
225.721
1484.65
290.814
353.785
40.6597
207.93
294.725
458.08
123.455
118.444
196.372
406.368
180.669
189.141
588.798
171.21
591.243
418.732
1825.5
90.6872
99.288
90.0222
151.613
717.673
158.594
1675
223.282
400.902
435.746
240.389
199.268
129.737
1481.02
1726.88
770.583
440.2
156.607
180.534
314.07
258.832
130.997
144.781
1034.6
93.8719
603.302
141.303
595.835
484.583
167.576
602.875
338.825
199.167
192.291
1467.12
2362.63
930.003
667.864
404.22
234.433
379.301
106.276
56.3249
994.743
16.0216
790.647
559.466
1054.76
199.597
1594.5
352.809
175.49
810.55
161.073
798.918
280.851
1449.38
1235.4
418.13
270.446
116.239
106.217
311.284
839.478
560.015
131.391
1777.01
350.736
72.02
320.037
253.147
559.27
17.1533
84.7539
130.221
144.176
682.702
36.9408
670.523
312.022
109.979
206.298
497.327
620.656
790.787
339.176
193.643
699.546
1350.29
203.465
253.535
275.915
3985.96
162.769
538.657
112.626
324.585
71.0829
1029.63
478.926
438.026
577.805
9.54742
221.236
141.834
1263.56
389.753
670.531
536.687
22.1596
1425.75
952.634
1197.02
170.857
1337.14
594.601
368.199
10.4039
805.373
76.6951
10.928
414.274
192.146
474.365
792.541
461.012
128.346
205.201
1049.61
73.2857
296.528
554.004
40.3152
175.741
3.5798
419.847
575.638
600.403
778.42
1524.41
835.731
266.872
549.276
932.436
870.717
218.048
237.309
469.406
1355.52
53.4883
165.087
733.828
99.4297
214.973
161.438
623.793
811.442
1172.14
87.872
70.6356
1019.68
2154.15
102.106
270.278
907.869
575.857
487.279
829.599
362.19
824.049
436.592
1246.1
82.0282
4.57426
1084.15
460.273
1220.15
920.161
207.892
613.362
678.579
132.558
16.662
308.991
313.729
251.678
204.654
1070.41
862.746
111.881
1079.34
733.714
612.616
73.9081
122.881
12.3737
900.122
415.057
182.154
380.499
506.529
864.74
1723.25
434.112
1544.7
454.511
47.8332
139.491
767.358
547.682
966.475
246.362
351.11
120.007
615.931
1172.17
236.84
232.032
18.2283
167.4
1233.91
123.476
625.279
148.425
197.799
1072.56
562.937
961.294
209.252
339.06
757.326
1361.06
1552.58
1377.39
738.669
977.675
86.9021
195.52
194.725
1016.21
265.819
1256.43
1007.4
517.237
24.6726
1080.56
419.391
994.404
583.964
328.29
136.804
928.825
134.271
26.9959
674.527
158.878
649.363
463.242
1186.86
2190.38
203.853
732.013
1220.93
383.676
76.254
49.7285
283.68
101.13
1044.64
550.388
180.18
476.37
339.603
83.751
77.6239
159.113
56.2843
440.745
171.553
1.51709
573.664
268.25
1267.51
87.2111
58.161
2141.29
446.799
130.679
248.942
564.561
571.78
883.51
395.142
179.372
1725.7
543.309
470.918
555.741
361.794
216.449
186.731
641.071
440.598
320.908
549.909
522.266
125.646
606.904
697.712
691.458
168.799
238.962
397.353
8.75168
88.2322
12.7401
87.3212
6.64857
91.5994
671.057
569.597
556.449
506.85
1064.9
541.368
183.507
1042.15
608.943
714.546
1708.81
2198.04
556.444
4.87872
70.7435
343.701
1925.87
574.217
404.414
201.205
233.984
421.975
65.58
480.697
8.77884
334.787
555.385
820.234
1444.26
462.636
148.005
33.6355
208.31
253.447
419.229
0.383133
478.21
685.319
106.654
1256.07
18.4622
549.919
324.145
120.995
508.285
544.85
560.058
274.999
391.112
85.7378
356.66
146.641
247.313
155.123
789.174
107.435
245.958
52.79
119.128
493.211
433.936
612.527
391.273
624.645
640.442
188.963
304.017
328.106
984.979
2870.1
127.991
20.909
312.897
634.462
395.961
599.687
431.58
220.048
358.912
86.0087
458.561
114.848
620.88
565.089
343.335
609.903
461.304
423.593
1331.18
59.9429
106.986
988.004
54.212
567.583
577.719
501.169
187.616
14.5884
195.254
376.703
2071.58
218.236
648.608
839.515
72.5776
338.341
762.973
77.8246
379.735
497.396
678.82
13.4938
291.585
146.083
149.865
40.6805
1186.14
236.342
334.873
669.614
1641.07
209.259
859.848
333.271
324.41
153.866
773.333
8.18033
183.937
502.308
425.919
1377.57
541.02
782.494
134.189
117.885
154.042
627.304
511.708
420.199
114.577
209.102
155.868
347.183
1697.94
927.214
24.2898
246.39
209.451
110.301
1669.78
1407.08
14.7633
909.168
576.277
1062.92
3438.53
1605.72
125.568
89.7383
174.281
183.619
156.757
354.831
333.13
203.45
723.269
15.0134
626.873
116.982
482.031
1539.26
557.522
563.883
286.827
360.347
295.533
409.393
195.533
501.126
337.879
250.037
1359.03
508.317
124.443
273.453
314.171
188.541
1024.06
624.926
509.595
401.635
277.539
35.9213
397.657
433.027
993.241
8.95078
942.307
455.87
184.276
666.899
119.273
290.164
2078.33
227.712
682.132
440.895
248.239
58.2999
824.292
214.784
94.2004
560.97
187.533
288.429
526.059
89.6196
403.417
221.31
185.733
449.575
740.891
162.227
449.186
531.895
37.8704
426.34
267.61
171.341
465.248
553.366
87.2255
1188.33
1318.46
1982.22
903.12
45.3588
1326.9
512.066
718.634
34.6692
758.426
1079.61
308.113
421.257
569.676
470.827
41.5012
635.98
530.162
975.236
98.5596
23.335
109.536
3056.43
62.1221
294.284
54.6753
536.431
185.698
467.855
38.5394
1080.41
52.8109
1438.17
718.043
462.697
11.5219
661.73
223.376
1744.16
543.584
469.017
39.2127
135.375
264.849
166.031
301.757
127.158
218.023
230.352
116.976
466.561
15.7326
337.65
761.063
213.084
217.027
118.95
361.295
101.144
67.0216
305.661
26.3767
469.709
917.576
139.237
1061.46
408.206
385.278
497.029
247.193
588.293
143.907
29.7855
56.3974
7.32384
1970.69
112.912
512.837
7.66077
39.4552
72.6426
23.9083
1240.35
84.0389
161.793
211.023
