160.467
476.675
263.462
343.749
288.296
583.194
1002.62
746.354
701.078
434.123
262.176
420.386
574.969
258.973
281.473
505.281
863.253
607.175
673.959
552.291
719.248
741.291
489.281
227.785
701.027
756.99
183.59
417.3
315.329
448.132
357.802
650.282
448.411
664.256
706.627
294.544
602.713
595.247
80.6161
599.467
299.693
604.533
263.5
629.16
793.781
328.689
251.788
1004.42
511.768
312.677
684.171
410.672
191.988
539.67
320.481
425.966
485.068
538.36
818.867
584.785
688.029
448.395
696.694
556.135
338.668
580.028
463.301
382.456
393.525
452.758
